media sequencial = 0.055272269248962405

1 nucleo:

media = 0.18200948238372802
speedup =  0.30367796515366524
eficiencia = 0.30367796515366524

2 nucleos:
media = 0.03140309914298871
speedup = 1.76008963310562
eficiencia = 0.88004481655281
0,136305766696134
4 nucleos:
media = 0.04451777935028076
speedup = 1.2415774114441271
eficiencia = 0.3103943528610318
0,740569365800409

8 nucleos:
media = 0.12147517204284668
speedup = 0.4550087752044244
eficiencia = 0.05687609690055305
2,36886835593941